10601210
10249782
10285701
10601207
10601150
10601147
10601103
10601087
10600724
10600718
10600715
10600658
10600649
10600643
10600640
10600634
10600295
10600286
10600283
10600244
10600241
10600235
10600208
10600205
10600202
10600190
10600175
10600118
10600094
10599959
10599684
10599681
10595430
10594779
10594758
10590985
10588799
10588796
10588790
10588787
10588023
10587949
10587943
10587940
10587934
10587787
10587784
10587569
10587143
10587140
10587137
10587134
10587131
10587128
10587125
10587122
10587119
10587116
10587113
10587110
10587107
10587104
10587101
10587098
10587095
10587091
10587086
10587083
10587080
10587077
10587074
10587071
10587068
10587065
10587062
10587059
10587056
10587053
10587050
10587047
10587044
10587041
10587038
10587035
10587032
10587029
10587026
10587023
10587020
10587017
10587014
10587011
10587008
10587003
10587002
10586999
10586996
10586993
10586984
10586982
10586981
10586978
10586975
10586972
10586969
10586958
10586957
10586951
10586948
10586945
10586942
10586939
10586933
10586930
10586927
10586922
10586921
10586918
10586915
10586912
10586909
10586906
10586903
10586900
10586897
10586891
10586889
10586888
10586885
10586882
10586877
10586876
10586873
10586870
10586867
10586862
10586861
10586858
10586855
10586852
10586849
10586846
10586843
10586840
10586837
10586828
10586823
10586822
10586819
10586814
10586813
10586810
10586807
10586804
10586799
10586798
10586793
10586792
10586789
10586786
10586783
10586780
10586777
10586774
10586771
10586768
10586765
10586762
10586756
10586753
10586748
10586747
10586742
10586741
10586738
10586735
10586732
10586729
10586726
10586723
10586720
10586717
10586714
10586711
10586706
10586705
10586702
10586699
10586696
10586693
10586690
10586687
10586684
10586681
10586678
10586675
10586672
10586669
10586666
10586663
10586660
10586657
10586654
10586651
10586648
10586645
10586642
10586639
10586636
10586631
10586630
10586627
10586624
10586621
10586617
10586615
10586610
10586609
10586606
10586601
10586600
10586597
10586594
10586591
10586588
10586585
10586582
10586579
10586576
10586573
10586570
10586567
10586564
10586561
10586558
10586555
10586552
10586549
10586546
10586543
10586540
10586535
10586534
10586531
10586525
10586522
10586519
10586516
10586513
10586510
10586507
10586504
10586501
10586498
10586495
10586492
10586489
10586485
10586479
10586476
10586475
10586474
10586469
10586468
10586465
10586460
10586459
10586456
10586453
10586450
10586445
10586444
10586441
10586438
10586435
10586432
10586426
10586420
10586417
10586414
10586411
10586408
10586405
10586402
10586399
10586396
10586393
10586390
10586387
10586384
10586381
10586378
10586371
10586370
10586369
10586366
10586363
10586360
10586357
10586354
10586351
10586348
10586345
10586342
10586339
10586336
10586333
10586330
10586327
10586324
10586319
10586315
10586308
10586307
10586306
10586303
10586300
10586294
10586291
10586288
10586285
10586278
10586277
10586276
10586273
10586268
10586267
10586264
10586261
10586258
10586255
10586252
10586249
10586246
10586243
10586240
10586237
10586234
10586231
10586228
10586225
10586222
10586219
10586216
10586211
10586210
10586207
10586204
10586201
10586198
10586195
10586192
10586189
10586186
10586183
10586178
10586177
10586174
10586171
10586168
10586165
10586162
10586159
10586156
10586153
10586150
10586147
10586141
10586138
10586135
10586132
10586129
10586126
10586123
10586120
10586117
10586114
10586109
10586108
10586105
10586102
10586099
10586096
10586093
10586090
10586087
10586084
10586081
10586078
10586075
10586070
10586069
10586066
10586063
10586060
10586057
10586054
10586048
10586043
10586042
10586039
10586036
10586033
10586030
10586027
10586024
10586019
10586018
10586015
10586012
10586009
10586006
10586003
10585998
10585995
10585991
10585988
10585985
10585982
10585979
10585976
10585973
10585970
10585965
10585964
10585961
10585958
10585955
10585952
10585946
10585943
10585940
10585937
10585934
10585928
10585923
10585919
10585916
10585910
10585907
10585901
10585897
10585893
10585892
10585889
10585886
10585883
10585878
10585877
10585874
10585871
10585868
10585865
10585862
10585859
10585856
10585853
10585850
10585847
10585844
10585841
10585838
10585835
10585832
10585829
10585826
10585820
10585817
10585814
10585811
10585808
10585805
10585802
10585797
10585796
10585793
10585790
10585787
10585784
10585781
10585778
10585775
10585772
10585769
10585766
10585759
10585758
10585757
10585754
10585751
10585748
10585745
10585742
10585739
10585736
10585733
10585730
10585727
10585721
10585718
10585715
10585712
10585709
10585706
10585703
10585700
10585697
10585692
10585691
10585688
10585685
10585680
10585679
10585676
10585670
10585667
10585664
10585661
10585658
10585655
10585652
10585649
10585643
10585640
10585633
10585632
10585631
10585628
10585625
10585622
10585619
10585616
10585613
10585608
10585607
10585604
10585599
10585598
10585595
10585592
10585589
10585583
10585581
10585580
10585577
10585574
10585571
10585568
10585565
10585562
10585559
10585554
10585553
10585548
10585547
10585544
10585538
10585535
10585532
10585529
10585526
10585523
10585520
10585517
10585512
10585511
10585506
10585505
10585502
10585499
10585496
10585491
10585490
10585487
10585484
10585479
10585478
10585475
10585472
10585469
10585466
10585463
10585458
10585457
10585454
10585451
10585446
10585445
10585442
10585439
10585436
10585433
10585430
10585427
10585422
10585421
10585418
10585415
10585412
10585406
10585401
10585400
10585397
10585391
10585388
10585385
10585382
10585379
10585376
10585371
10585370
10585367
10585364
10585361
10585358
10585355
10585352
10585349
10585346
10585343
10585340
10585332
10585331
10585328
10585325
10585322
10585319
10585316
10585313
10585310
10585307
10585304
10585301
10585296
10585295
10585292
10585289
10585286
10585283
10585280
10585277
10585270
10585269
10585268
10585265
10585259
10585256
10585253
10585250
10585247
10585244
10585241
10585238
10585235
10585232
10585229
10585226
10585223
10585220
10585217
10585211
10585206
10585205
10585202
10585199
10585196
10585193
10585190
10585187
10585184
10585179
10585178
10585175
10585172
10585167
10585166
10585163
10585160
10585155
10585154
10585151
10585148
10585145
10585142
10585139
10585136
10585133
10585130
10585127
10585124
10585121
10585118
10585115
10585112
10585109
10585106
10585103
10585098
10585097
10585094
10585091
10585088
10585085
10585082
10585079
10585073
10585070
10585067
10585064
10585061
10585058
10585055
10585052
10585049
10585044
10585043
10585040
10585037
10585034
10585031
10585028
10585025
10585022
10585019
10585016
10585011
10585010
10585007
10585004
10585001
10584996
10584995
10584992
10584989
10584983
10584980
10584977
10584974
10584970
10584968
10584965
10584962
10584959
10584956
10584951
10584950
10584947
10584944
10584941
10584935
10584932
10584929
10584926
10584923
10584920
10584917
10584914
10584911
10584908
10584905
10584900
10584899
10584896
10584893
10584890
10584887
10584884
10584878
10584875
10584872
10584869
10584866
10584863
10584860
10584857
10584854
10584851
10584848
10584845
10584842
10584839
10584836
10584833
10584830
10584704
10584698
10584695
10584692
10584689
10584683
10584680
10584677
10584671
10584665
10584659
10584653
10584650
10584645
10584644
10584641
10584638
10584635
10584630
10584629
10584626
10584623
10584620
10584617
10584614
10584611
10584608
10584605
10584602
10584599
10584596
10584593
10584590
10584585
10584584
10584581
10584578
10584575
10584572
10584568
10584566
10584561
10584560
10584557
10584554
10584551
10584545
10584544
10584542
10584539
10584536
10584533
10584530
10584527
10584524
10584521
10584518
10584511
10584510
10584509
10584506
10584500
10584497
10584494
10584491
10584488
10584485
10584482
10584479
10584476
10584473
10584470
10584467
10584464
10584461
10584458
10584455
10584452
10584449
10584446
10584443
10584440
10584437
10584434
10584430
10584426
10584425
10584422
10584419
10584413
10584410
10584407
10584404
10584401
10584398
10584395
10584390
10584387
10584386
10584383
10584380
10584375
10584374
10584369
10584368
10584365
10584361
10584359
10584356
10584353
10584348
10584347
10584344
10584339
10584338
10584335
10584332
10584329
10584326
10584323
10584320
10584317
10584311
10584306
10584305
10584302
10584297
10584296
10584293
10584290
10584287
10584284
10584281
10584276
10584275
10584272
10584269
10584264
10584263
10584260
10584255
10584254
10584251
10584247
10584245
10584242
10584236
10584231
10584230
10584227
10584224
10584221
10584218
10584215
10584212
10584209
10584206
10584203
10584200
10584197
10584194
10584191
10584188
10584185
10584182
10584179
10584174
10584173
10584168
10584167
10584164
10584161
10584156
10584150
10584149
10584146
10584143
10584140
10584137
10584134
10584124
10584123
10584122
10584119
10584116
10584113
10584108
10584107
10584102
10584101
10584098
10584095
10584092
10584089
10584086
10584083
10584080
10584077
10584074
10584071
10584068
10584065
10584062
10584059
10584056
10584053
10584047
10584041
10584038
10584035
10584032
10584029
10584026
10584018
10584017
10584013
10584011
10584008
10584005
10584002
10583999
10583996
10583991
10583990
10583987
10583984
10583981
10583978
10583975
10583972
10583969
10583966
10583960
10583957
10583954
10583951
10583948
10583945
10583942
10583937
10583934
10583933
10583930
10583927
10583924
10583921
10583918
10583915
10583907
10583906
10583899
10583898
10583897
10583892
10583891
10583886
10583885
10583882
10583877
10583876
10583873
10583867
10583864
10583861
10583858
10583855
10583852
10583847
10583846
10583843
10583838
10583837
10583834
10583830
10583828
10583823
10583822
10583819
10583816
10583813
10583810
10583807
10583800
10583799
10583798
10583793
10583792
10583789
10583784
10583783
10583778
10583777
10583774
10583771
10583768
10583763
10583762
10583758
10583756
10583753
10583750
10583747
10583744
10583741
10583738
10583735
10583730
10583729
10583726
10583719
10583718
10583717
10583714
10583711
10583708
10583705
10583702
10583699
10583696
10583693
10583690
10583685
10583684
10583681
10583678
10583675
10583672
10583654
10583649
10583648
10583645
10583642
10583639
10583636
10583633
10583630
10583627
10583624
10583619
10583618
10583615
10583612
10583609
10583606
10583603
10583600
10583595
10583594
10583591
10583586
10583585
10583582
10583579
10583576
10583573
10583570
10583567
10583564
10583561
10583558
10583550
10583546
10583541
10583540
10583537
10583534
10583529
10583528
10583523
10583520
10583519
10583513
10583510
10583507
10583504
10583501
10583495
10583492
10583489
10583486
10583483
10583480
10583477
10583474
10583471
10583468
10583465
10583462
10583459
10583456
10583453
10583450
10583447
10583442
10583441
10583435
10583433
10583432
10583429
10583424
10583423
10583409
10583408
10583405
10583400
10583399
10583396
10583393
10583390
10583387
10583384
10583381
10583378
10583375
10583372
10583369
10583364
10583363
10583360
10583357
10583352
10583351
10583348
10583345
10583342
10583339
10583330
10583327
10583324
10583321
10583316
10583315
10583312
10583309
10583306
10583300
10583293
10583292
10583291
10583288
10583285
10583282
10583279
10583273
10583270
10583267
10583264
10583261
10583255
10583252
10583249
10583246
10583243
10583240
10583237
10583234
10583231
10583226
10583225
10583222
10583217
10583214
10583213
10583207
10583204
10583201
10583198
10583195
10583192
10583189
10583186
10583183
10583180
10583177
10583174
10583169
10583168
10583165
10583162
10583159
10583156
10583153
10583148
10583147
10583144
10583138
10583135
10583132
10583129
10583126
10583123
10583120
10583117
10583114
10583111
10583108
10583103
10583102
10583097
10583096
10583093
10583090
10583087
10583084
10583081
10583078
10583075
10583072
10583069
10583066
10583063
10583060
10583057
10583054
10583051
10583048
10583045
10583042
10583039
10583036
10583033
10583030
10583027
10583024
10583021
10583018
10583015
10583012
10583009
10583006
10583003
10583000
10582997
10582994
10582989
10582988
10582985
10582979
10582976
10582973
10582970
10582967
10582964
10582961
10582958
10582952
10582951
10582949
10582945
10582943
10582940
10582937
10582934
10582929
10582928
10582925
10582922
10582919
10582916
10582912
10582908
10582907
10582904
10582901
10582898
10582895
10582892
10582889
10582886
10582883
10582880
10582877
10582874
10582871
10582868
10582863
10582862
10582857
10582856
10582853
10582847
10582844
10582841
10582838
10582835
10582832
10582829
10582826
10582823
10582820
10582817
10582814
10582811
10582808
10582805
10582802
10582799
10582796
10582793
10582790
10582787
10582784
10582779
10582776
10582775
10582772
10582769
10582766
10582757
10582752
10582751
10582750
10582749
10582748
10582744
10582740
10582737
10582736
10582733
10582730
10582727
10582724
10582721
10582718
10582711
10582710
10582709
10582706
10582703
10582696
10582695
10582694
10582691
10582688
10582682
10582680
10582679
10582676
10582673
10582670
10582667
10582664
10582660
10582658
10582655
10582652
10582649
10582646
10582643
10582640
10582637
10582634
10582631
10582628
10582625
10582622
10582619
10582614
10582612
10582610
10582603
10582601
10582598
10582595
10582592
10582587
10582586
10582583
10582580
10582574
10582572
10582569
10582568
10582285
10582282
10567930
10567924
10567918
10567897
10567705
10567702
10567650
10564383
10554252
10554147
10554144
10551236
10551209
10551008
10550715
10550607
10550601
10550288
10549873
10534560
10534149
10530864
10529409
10529406
10529400
10529397
10529392
10529389
10518150
10518100
10518061
10518058
10516757
10516754
10516751
10516748
10516683
10515399
10515393
10515375
10515176
10515170
10514762
10514193
10514181
10514084
10498600
10498591
10498543
10498501
10496143
10496140
10496137
10496134
10496131
10496125
10496104
10496088
10496085
10496082
10496076
10495992
10495962
10495653
10495644
10495641
10495636
10495635
10489367
10489361
10489352
10488909
10488906
10488697
10484602
10484574
10484571
10484568
10484517
10484514
10484511
10484505
10484502
10484493
10484486
10484483
10480641
10480638
10480633
10480630
10480615
10480597
10480183
10479861
10479762
10479669
10479183
10479177
10479174
10478952
10478946
10478214
10478196
10478063
10478039
10478025
10477211
10477198
10474643
10474611
10474594
10474588
10474582
10474570
10474567
10474564
10462759
10462597
10462571
10462502
10461243
10460545
10460527
10460361
10460358
10460355
10460352
10460349
10460346
10460343
10460340
10460337
10460334
10460331
10460328
10460325
10460322
10460319
10460313
10460310
10460304
10460301
10460292
10460288
10460286
10460280
10460277
10460259
10460256
10460238
10460235
10460229
10460226
10460223
10460217
10460214
10460211
10460208
10460205
10460199
10460193
10460190
10460187
10460177
10460174
10460084
10449780
10449777
10449757
10449754
10449751
10449748
10449745
10449742
10449739
10449736
10449733
10449727
10449721
10449718
10449713
10447721
10447715
10447709
10447690
10447681
10447672
10447613
10447422
10445747
10444554
10444548
10444536
10444533
10444530
10444522
10444496
10444474
10444428
10444374
10444330
10444324
10443901
10443895
10443892
10442963
10442135
10442130
10442121
10442085
10442034
10440948
10440887
10440878
10440851
10440662
10440608
10440598
10440568
10440559
10440544
10440439
10440435
10440431
10438256
10438253
10436491
10436462
10436451
10436440
10436428
10436425
10436413
10436410
10436400
10436397
10436394
10436385
10436376
10425761
10425755
10425727
10425721
10425718
10425715
10425712
10425709
10425706
10425703
10425700
10425697
10425694
10425691
10425688
10425685
10425682
10425677
10425676
10425670
10425665
10425664
10425661
10425654
10425653
10425652
10425649
10425646
10425643
10425640
10425637
10425634
10425631
10425628
10425625
10425622
10425619
10425616
10425613
10425610
10425607
10425601
10425599
10425598
10425595
10425592
10425589
10425586
10425581
10425580
10425577
10425572
10425571
10425568
10425565
10425562
10425559
10425556
10425553
10425550
10425547
10425544
10425541
10425538
10425535
10425532
10425529
10425526
10425523
10425520
10425515
10425514
10425511
10425508
10425505
10425502
10425499
10425496
10425489
10425488
10425487
10425484
10425481
10425476
10425475
10425472
10425469
10425466
10425463
10425460
10425457
10425454
10425451
10425448
10425445
10425442
10425439
10425436
10425433
10425430
10425427
10425424
10425421
10425418
10425415
10425412
10425409
10425406
10425403
10425397
10425395
10425394
10425391
10425388
10425385
10425382
10425379
10425376
10425369
10425368
10425367
10425364
10425361
10425358
10425355
10425352
10425349
10425346
10425341
10425337
10425332
10425331
10425328
10425325
10425322
10425319
10425316
10425313
10425310
10425307
10425304
10425299
10425298
10425295
10425292
10425287
10425285
10425283
10425280
10425276
10425272
10425271
10425268
10425265
10425262
10425257
10425256
10425253
10425250
10425247
10425244
10425241
10425238
10425235
10425232
10425229
10425226
10425223
10425220
10425217
10425214
10425211
10425208
10425205
10425202
10425199
10425196
10425193
10425190
10425187
10425184
10425181
10425178
10425175
10425170
10425169
10425166
10425163
10425160
10425155
10425154
10425151
10425148
10425145
10425142
10425139
10425136
10425133
10425127
10425124
10425121
10425115
10425112
10425109
10425106
10425103
10425100
10425097
10425094
10425091
10425088
10425083
10425082
10425079
10425076
10425073
10425070
10425067
10425064
10425061
10425058
10425054
10425052
10425049
10425044
10425043
10425040
10425037
10425034
10425031
10425028
10425025
10425020
10425019
10425016
10425013
10425010
10425007
10425004
10425001
10424996
10424995
10424992
10424989
10424986
10424983
10424980
10424977
10424974
10424971
10424968
10424965
10424962
10424959
10424956
10424953
10424950
10424947
10424944
10424941
10424938
10424933
10424932
10424929
10424926
10424923
10424916
10424915
10424914
10424911
10424908
10424905
10424902
10424899
10424896
10424893
10424890
10424884
10424881
10424876
10424875
10424872
10424866
10424863
10424860
10424857
10424852
10424851
10424845
10424842
10424839
10424834
10424833
10424830
10424827
10424824
10424819
10424818
10424815
10424810
10424809
10424806
10424803
10424800
10424797
10424794
10424789
10424788
10424785
10424782
10424779
10424776
10424773
10424770
10424767
10424764
10424761
10424758
10424755
10424752
10424749
10424746
10424743
10424740
10424737
10424734
10424727
10424726
10424725
10424722
10424719
10424716
10424711
10424710
10424705
10424704
10424701
10424698
10424695
10424692
10424689
10424686
10424683
10424680
10424677
10424672
10424671
10424668
10424665
10424662
10424659
10424656
10424653
10424650
10424647
10424644
10424641
10424636
10424635
10424632
10424626
10424623
10424620
10424617
10424614
10424611
10424608
10424605
10424602
10424597
10424596
10424593
10424590
10424585
10424584
10424580
10424576
10424575
10424567
10424566
10424563
10424559
10424557
10424554
10424551
10424546
10424545
10424542
10424539
10424536
10424531
10424528
10424527
10424524
10424521
10424518
10424515
10424512
10424509
10424506
10424503
10424500
10424497
10424489
10424488
10424485
10424482
10424479
10424476
10424473
10424467
10424464
10424461
10424458
10424455
10424452
10424449
10424446
10424441
10424439
10424437
10424434
10424431
10424428
10424425
10424422
10424419
10424416
10424411
10424410
10424407
10424404
10424398
10424395
10424392
10424389
10424386
10424383
10424380
10424377
10424374
10424371
10424366
10424365
10424362
10424359
10424356
10424353
10424348
10424347
10424344
10424341
10424338
10424335
10424332
10424329
10424326
10424323
10424320
10424315
10424314
10424311
10424308
10424305
10424302
10424299
10424296
10424293
10424290
10424287
10424284
10424281
10424278
10424275
10424272
10424269
10424266
10424263
10424260
10424257
10424254
10424251
10424248
10424245
10424242
10424239
10424233
10424230
10424227
10424222
10424221
10424216
10424215
10424212
10424209
10424206
10424203
10424200
10424197
10424194
10424189
10424188
10424185
10424181
10424177
10424176
10424173
10424168
10424167
10424164
10424161
10424158
10424155
10424152
10424149
10424146
10424141
10424140
10424137
10424134
10424131
10424126
10424122
10424117
10424116
10424113
10424110
10424107
10424104
10424101
10424098
10424091
10424090
10424089
10424083
10424078
10424077
10424074
10424071
10424068
10424065
10424062
10424059
10424056
10424053
10424050
10424047
10424044
10424041
10424038
10424035
10424032
10424029
10424024
10424023
10424017
10424014
10424009
10424008
10424005
10424002
10423999
10423996
10423993
10423990
10423985
10423984
10423981
10423978
10423975
10423972
10423969
10423966
10423963
10423960
10423957
10423954
10423951
10423948
10423945
10423937
10423935
10423934
10423933
10423930
10423927
10423919
10423917
10423916
10423914
10423912
10423909
10423906
10423903
10423897
10423894
10423891
10423886
10423885
10423882
10423879
10423876
10423873
10423870
10423865
10423864
10423861
10423858
10423852
10423849
10423846
10423843
10423840
10423837
10423834
10423831
10423828
10423825
10423822
10423819
10423816
10423813
10423810
10423807
10423804
10423799
10423798
10423795
10423792
10423789
10423782
10423781
10423780
10423777
10423772
10423771
10423766
10423765
10423762
10423759
10423753
10423750
10423745
10423744
10423741
10423738
10423735
10423732
10423729
10423726
10423721
10423720
10423717
10423712
10423711
10423708
10423705
10423702
10423699
10423696
10423693
10423690
10423684
10423681
10423678
10423675
10423670
10423669
10423666
10423659
10423658
10423657
10423654
10423649
10423648
10423645
10423642
10423637
10423636
10423633
10423630
10423627
10423624
10423616
10423615
10423612
10423607
10423606
10423603
10423600
10423597
10423592
10423591
10423588
10423585
10423582
10423579
10423576
10423573
10423570
10423567
10423564
10423561
10423558
10423555
10423552
10423549
10423546
10423543
10423540
10423537
10423534
10423531
10423528
10423525
10423522
10423519
10423516
10423513
10423510
10423507
10423504
10423501
10423498
10423495
10423492
10423489
10423486
10423483
10423480
10423477
10423474
10423471
10423468
10423465
10423462
10423459
10423456
10423453
10423450
10423447
10423444
10423441
10423435
10423432
10423429
10423426
10423423
10423417
10423414
10423411
10423408
10423405
10423402
10423399
10423396
10423393
10423389
10423387
10423384
10423380
10423378
10423375
10423372
10423369
10423366
10423363
10423360
10423357
10423354
10423349
10423348
10423345
10423342
10423339
10423336
10423333
10423330
10423327
10423324
10423321
10423318
10423315
10423310
10423309
10423306
10423303
10423300
10423297
10423294
10423291
10423286
10423285
10423282
10423279
10423274
10423273
10423270
10423267
10423262
10423261
10423258
10423255
10423252
10423249
10423246
10423243
10423240
10423234
10423231
10423228
10423225
10423222
10423217
10423216
10423213
10423210
10423207
10423204
10423201
10423198
10423195
10423192
10423189
10423184
10423183
10423180
10423177
10423174
10423169
10423168
10423165
10423162
10423157
10423156
10423153
10423150
10423144
10423141
10423138
10423135
10423132
10423129
10423124
10423123
10423118
10423117
10423114
10423109
10423108
10423105
10423100
10423099
10423094
10423093
10423086
10423085
10423084
10423081
10423078
10423075
10423072
10423069
10423066
10423063
10423060
10423057
10423054
10423051
10423048
10423045
10423042
10423039
10423036
10423033
10423030
10423027
10423024
10423021
10423018
10423015
10423012
10423009
10423006
10423003
10423000
10422997
10422992
10422991
10422988
10422985
10422982
10422978
10422976
10422973
10422970
10422967
10422962
10422961
10422958
10422955
10422952
10422949
10422946
10422943
10422940
10422937
10422932
10422931
10422924
10422923
10422922
10422919
10422916
10422913
10422910
10422904
10422901
10422898
10422893
10422892
10422889
10422886
10422883
10422877
10422874
10422871
10422868
10422865
10422862
10422859
10422856
10422853
10422850
10422847
10422844
10422841
10422836
10422835
10422831
10422821
10422819
10422818
10422814
10422803
10422795
10422781
10422779
10422737
10422729
10422716
10422715
10422709
10422695
10422692
10422689
10422686
10422683
10422680
10422677
10422674
10422671
10422668
10422665
10422662
10422659
10422656
10422653
10422650
10422647
10422644
10422641
10422638
10422635
10422632
10422629
10422626
10422623
10422620
10422617
10422614
10422611
10422608
10422601
10422600
10422599
10422596
10422593
10422590
10422587
10422584
10422581
10422578
10422576
10422572
10422569
10422566
10422563
10422560
10422557
10422554
10422549
10422548
10422545
10422540
10422539
10422536
10422533
10422528
10422527
10422524
10422521
10422518
10422515
10422512
10422509
10422506
10422503
10422498
10422497
10422494
10422491
10422488
10422485
10422482
10422479
10422476
10422473
10422470
10422467
10422464
10422459
10422458
10422455
10422448
10422443
10422442
10422441
10422440
10422437
10422434
10422429
10422428
10422423
10422422
10422417
10422416
10422413
10422410
10422407
10422404
10422401
10422396
10422395
10422392
10422386
10422380
10422377
10422372
10422371
10422368
10422365
10422362
10422356
10422353
10422350
10422347
10422343
10422341
10422338
10422335
10422332
10422329
10422326
10422321
10422320
10422317
10422314
10422311
10422308
10422305
10422302
10422299
10422296
10422293
10422287
10422284
10422281
10422278
10422275
10422270
10422269
10422266
10422263
10422258
10422257
10422250
10422248
10422245
10422242
10422239
10422236
10422233
10422230
10422227
10422224
10422221
10422216
10422215
10422212
10422206
10422203
10422200
10422197
10422194
10422191
10422188
10422185
10422180
10422179
10422176
10422173
10422170
10422167
10422164
10422161
10422158
10422155
10422152
10422149
10422146
10422143
10422140
10422137
10422133
10422128
10422125
10422119
10422116
10422113
10422110
10422107
10422104
10422099
10422098
10422093
10422092
10422089
10422086
10422083
10422080
10422077
10422074
10422069
10422068
10422065
10422062
10422059
10422054
10422053
10422050
10422047
10422042
10422041
10422038
10422035
10422032
10422029
10422026
10422023
10422020
10422017
10422014
10422011
10422008
10422005
10422002
10421999
10421996
10421993
10421990
10421987
10421982
10421981
10421978
10421975
10421972
10421969
10421966
10421963
10421960
10421957
10421954
10421951
10421946
10421945
10421942
10421939
10421936
10421933
10421927
10421925
10421924
10421921
10421918
10421915
10421912
10421909
10421905
10421901
10421900
10421897
10421894
10421891
10421888
10421885
10421882
10421879
10421876
10421873
10421868
10421867
10421864
10421861
10421858
10421855
10421852
10421849
10421846
10421841
10421840
10421837
10421834
10421831
10421826
10421822
10421816
10421813
10421810
10421805
10421804
10421801
10421798
10421795
10421792
10421789
10421786
10421783
10421777
10421774
10421771
10421768
10421765
10421762
10421759
10421756
10421753
10421750
10421747
10421744
10421741
10421735
10421732
10421729
10421726
10421723
10421720
10421717
10421714
10421711
10421708
10421705
10421702
10421699
10421696
10421693
10421686
10421685
10421684
10421679
10421678
10421675
10421670
10421669
10421666
10421663
10421660
10421657
10421654
10421651
10421648
10421645
10421642
10421639
10421636
10421633
10421630
10421627
10421624
10421621
10421618
10421615
10421612
10421609
10421603
10421601
10421600
10421597
10421594
10421591
10421588
10421585
10421578
10421577
10421576
10421573
10421570
10421567
10421564
10421558
10421555
10421550
10421549
10421546
10421543
10421540
10421535
10421534
10421531
10421528
10421525
10421522
10421519
10421516
10421513
10421510
10421507
10421504
10421501
10421498
10421495
10421492
10421486
10421485
10421482
10421479
10421476
10421471
10421470
10421467
10421464
10421461
10421458
10416869
10413965
10413962
10409544
10407372
10407012
10406916
10406593
10406548
10406545
10406542
10406539
10404931
10404901
10404892
10404562
10404556
10404547
10404544
10404538
10404523
10404520
10404499
10404306
10404300
10404281
10404269
10397969
10395221
10395212
10395203
10395183
10395180
10395177
10395174
10393726
10393718
10393711
10393686
10393683
10382224
10382082
10379946
10379940
10379927
10379918
10379456
10379447
10376135
10376132
10376123
10376120
10376097
10376094
10373802
10373440
10373435
10373434
10373431
10373410
10372703
10371610
10371607
10368325
10368320
10368286
10368250
10365831
10365495
10365483
10358215
10358212
10358209
10358188
10358176
10357876
10357813
10357810
10357082
10343730
10343727
10343627
10342562
10339567
10339564
10339552
10339549
10339543
10339540
10339011
10339008
10338969
10338966
10338963
10338731
10338728
10338722
10338668
10338665
10338647
10338406
10338342
10338260
10338251
10336894
10336868
10336846
10336843
10336117
10336081
10336078
10336075
10336072
10336069
10336066
10336063
10336060
10335582
10335579
10335157
10335096
10335090
10335087
10335084
10335081
10335075
10335072
10335029
10334743
10334629
10334619
10334475
10326969
10325375
10325175
10324465
10324379
10324372
10324361
10324346
10324343
10324340
10324337
10323259
10323248
10323142
10322938
10322729
10307259
10307040
10307031
10306908
10306068
10305313
10304018
10303705
10303049
10303046
10302981
10302364
10301081
10301080
10286891
10286888
10286756
10286711
10286669
10286660
10286639
10286630
10286627
10286624
10286621
10286618
10286612
10286609
10286603
10286600
10286597
10286403
10286394
10286379
10286364
10286349
10286340
10286274
10286268
10286265
10285650
10285647
10285446
10285431
10285386
10285253
10285217
10270003
10269967
10269871
10269862
10269859
10269820
10269796
10269772
10269762
10269759
10269753
10269750
10269735
10269732
10269729
10269726
10269720
10269714
10269711
10269708
10269702
10265906
10265834
10265818
10265057
10265054
10265051
10265045
10265042
10265039
10265033
10264483
10258609
10258534
10257828
10257823
10256193
10255157
10254211
10253518
10253515
10253364
10253361
10253319
10253313
10253310
10253304
10253295
10253289
10253286
10253196
10253193
10253190
10253187
10253181
10253178
10252839
10252836
10252833
10252830
10252827
10252824
10252821
10252818
10252815
10252812
10252809
10252806
10252801
10252798
10252797
10252794
10252791
10252788
10252785
10252782
10252779
10252776
10252773
10252766
10252765
10252764
10252761
10252758
10252755
10252752
10252749
10252746
10252743
10252738
10252737
10252734
10252731
10252728
10252725
10252722
10252719
10252716
10252713
10252710
10252707
10252704
10252701
10252698
10252695
10252692
10252687
10252686
10252683
10252680
10252677
10252674
10252671
10252666
10252665
10252662
10252659
10252656
10252653
10252650
10252647
10252644
10252641
10252638
10252635
10252632
10252629
10252624
10252623
10252620
10252617
10252614
10252611
10252606
10252605
10252602
10252599
10252596
10252593
10252590
10252587
10252584
10252581
10252578
10252575
10252572
10252569
10252566
10252563
10252560
10252557
10252552
10252551
10252548
10252545
10252542
10252539
10252536
10252533
10252530
10252527
10252520
10252519
10252518
10252515
10252512
10252509
10252506
10252503
10252500
10252497
10252494
10252491
10252488
10252485
10252482
10252479
10252476
10252473
10252470
10252467
10252464
10252459
10252458
10252455
10252452
10252449
10252446
10252443
10252440
10252437
10252434
10252431
10252428
10252425
10252422
10252419
10252416
10252413
10252410
10252407
10252404
10252401
10252398
10252395
10252392
10252389
10252386
10252383
10252380
10252377
10252374
10252371
10252368
10252365
10252362
10252359
10252356
10252353
10252350
10252344
10252339
10252338
10252335
10252330
10252329
10252326
10252323
10252320
10252314
10252311
10252308
10252305
10252302
10252297
10252296
10252293
10252290
10252287
10252284
10252281
10252278
10252275
10252272
10252269
10252266
10252263
10252260
10252255
10252254
10252251
10252248
10252245
10252242
10252237
10252236
10252233
10252230
10252227
10252224
10252221
10252218
10252215
10252212
10252209
10252206
10252203
10252200
10252197
10252194
10252191
10252188
10252185
10252182
10252179
10252176
10252173
10252170
10252167
10252164
10252158
10252155
10252152
10252149
10252146
10252143
10252140
10252137
10252134
10252131
10252128
10252125
10252122
10252119
10252116
10252113
10252110
10252107
10252104
10252101
10252098
10252095
10252092
10252087
10252086
10252083
10252080
10252077
10252074
10252071
10252068
10252063
10252062
10252059
10252056
10252053
10252050
10252047
10252044
10252041
10252036
10252035
10252032
10252029
10252026
10252023
10252020
10252017
10252014
10252011
10252008
10252005
10252002
10251999
10251996
10251993
10251990
10251987
10251984
10251981
10251978
10251975
10251972
10251969
10251966
10251963
10251960
10251957
10251954
10251951
10251948
10251945
10251942
10251939
10251936
10251933
10251930
10251927
10251924
10251921
10251918
10251913
10251910
10251909
10251906
10251903
10251900
10251897
10251894
10251891
10251888
10251885
10251882
10251879
10251876
10251873
10251870
10251867
10251864
10251861
10251858
10251855
10251852
10251849
10251846
10251843
10251840
10251837
10251834
10251831
10251828
10251825
10251822
10251819
10251816
10251813
10251810
10251807
10251802
10251801
10251795
10251790
10251789
10251786
10251783
10251780
10251777
10251774
10251771
10251766
10251765
10251762
10251759
10251756
10251753
10251750
10251747
10251744
10251741
10251738
10251735
10251732
10251729
10251726
10251723
10251718
10251717
10251714
10251711
10251708
10251703
10251702
10251699
10251696
10251693
10251689
10251687
10251684
10251681
10251678
10251675
10251672
10251669
10251666
10251663
10251660
10251657
10251654
10251651
10251648
10251645
10251642
10251639
10251635
10251633
10251630
10251627
10251623
10251621
10251618
10251615
10251612
10251609
10251604
10251603
10251600
10251597
10251594
10251591
10251588
10251585
10251582
10251579
10251576
10251573
10251570
10251567
10251564
10251561
10251558
10251555
10251549
10251546
10251543
10251540
10251537
10251534
10251531
10251528
10251525
10251519
10251516
10251513
10251510
10251507
10251502
10251501
10251498
10251495
10251492
10251489
10251486
10251483
10251480
10251477
10251474
10251471
10251468
10251465
10251462
10251459
10251456
10251451
10251450
10251447
10251444
10251441
10251438
10251435
10251428
10251427
10251426
10251423
10251420
10251417
10251414
10251409
10251408
10251405
10251402
10251397
10251396
10251393
10251390
10251385
10251384
10251381
10251378
10251375
10251372
10251369
10251366
10251363
10251360
10251357
10251354
10251351
10251348
10251345
10251342
10251339
10251336
10251333
10251330
10251327
10251324
10251321
10251318
10251315
10251312
10251309
10251306
10251303
10251300
10251297
10251294
10251291
10251286
10251285
10251280
10251279
10251276
10251273
10251270
10251267
10251264
10251261
10251258
10251255
10251252
10251248
10251244
10251243
10251240
10251237
10251234
10251231
10251228
10251225
10251222
10251219
10251216
10251211
10251210
10251207
10251204
10251201
10251198
10251195
10251192
10251189
10251186
10251183
10251180
10251177
10251174
10251171
10251168
10251165
10251162
10251159
10251156
10251153
10251150
10251147
10251142
10251139
10251138
10251135
10251132
10251129
10251126
10251123
10251120
10251117
10251114
10251111
10251108
10251105
10251101
10251099
10251096
10251093
10251090
10251087
10251084
10251081
10251078
10251075
10251072
10251067
10251066
10251063
10251060
10251057
10251052
10251051
10251048
10251045
10251042
10251039
10251036
10251030
10251027
10251024
10251021
10251018
10251015
10251012
10251009
10251006
10251003
10251000
10250997
10250994
10250991
10250988
10250985
10250982
10250979
10250974
10250973
10250970
10250967
10250964
10250961
10250958
10250955
10250952
10250949
10250946
10250943
10250940
10250937
10250934
10250931
10250928
10250925
10250922
10250919
10250916
10250913
10250910
10250907
10250904
10250901
10250898
10250895
10250890
10250889
10250886
10250883
10250880
10250877
10250874
10250871
10250868
10250865
10250862
10250859
10250856
10250853
10250850
10250847
10250844
10250841
10250838
10250835
10250832
10250827
10250826
10250821
10250820
10250817
10250814
10250811
10250808
10250805
10250802
10250799
10250796
10250793
10250790
10250787
10250784
10250781
10250778
10250775
10250772
10250769
10250766
10250763
10250760
10250757
10250754
10250751
10250748
10250742
10250739
10250736
10250733
10250730
10250727
10250724
10250721
10250718
10250715
10250712
10250709
10250706
10250703
10250700
10250697
10250694
10250691
10250688
10250685
10250682
10250679
10250676
10250673
10250668
10250667
10250664
10250661
10250658
10250655
10250652
10250649
10250646
10250641
10250640
10250635
10250634
10250631
10250628
10250625
10250622
10250619
10250616
10250613
10250610
10250607
10250604
10250601
10250598
10250592
10250589
10250586
10250583
10250580
10250577
10250574
10250571
10250567
10250565
10250562
10250559
10250556
10250553
10250550
10250547
10250544
10250540
10250538
10250535
10250532
10250529
10250526
10250523
10250520
10250515
10250514
10250511
10250506
10250505
10250502
10250499
10250496
10250493
10250489
10250487
10250482
10250481
10250478
10250475
10250472
10250469
10250464
10250463
10250460
10250457
10250454
10250451
10250448
10250445
10250442
10250439
10250436
10250433
10250430
10250425
10250424
10250421
10250418
10250415
10250412
10250409
10250403
10250400
10250397
10250394
10250391
10250388
10250385
10250382
10250379
10250376
10250373
10250370
10250367
10250364
10250361
10250356
10250355
10250350
10250349
10250346
10250343
10250340
10250337
10250334
10250331
10250328
10250325
10250322
10250319
10250316
10250310
10250307
10250304
10250301
10250298
10250293
10250292
10250289
10250286
10250283
10250280
10250277
10250274
10250271
10250268
10250265
10250261
10250257
10250256
10250253
10250250
10250247
10250244
10250241
10250236
10250235
10250232
10250229
10250226
10250223
10250220
10250217
10250214
10250211
10250208
10250202
10250199
10250196
10250190
10250187
10250184
10250181
10250178
10250175
10250172
10250169
10250163
10250161
10250160
10250154
10250151
10250148
10250145
10250142
10250137
10250136
10250133
10250127
10250121
10250118
10250115
10250112
10250109
10250106
10250103
10250100
10250097
10250094
10250091
10250086
10250085
10250082
10250079
10250076
10250073
10250070
10250065
10250064
10250061
10250058
10250055
10250052
10250049
10250046
10250043
10250040
10250037
10250034
10250031
10250028
10250025
10250022
10250019
10250016
10250013
10250010
10250007
10250004
10250001
10249998
10249995
10249992
10249989
10249986
10249983
10249978
10249974
10249971
10249968
10249965
10249962
10249956
10249953
10249950
10249947
10249941
10249938
10249935
10249932
10249929
10249926
10249923
10249920
10249917
10249914
10249911
10249908
10249905
10249902
10249899
10249896
10249893
10249890
10249884
10249881
10249878
10249875
10249872
10249869
10249866
10249861
10249860
10249856
10249854
10249851
10249848
10249845
10249842
10249839
10249834
10249833
10249830
10249827
10249824
10249821
10249818
10249815
10249812
10249809
10249806
10249803
10249800
10249797
10249794
10249791
10249785
10249782
10249779
10249776
10249773
10249770
10249767
10249764
10249761
10249758
10249753
10249752
10249747
10249746
10249743
10249740
10249737
10249734
10249731
10249728
10249725
10249722
10249719
10249716
10249713
10249710
10249707
10249702
10249701
10249698
10249695
10249692
10249689
10249686
10249683
10249680
10249675
10249674
10249671
10249666
10249665
10249662
10249659
10249656
10249653
10249647
10249644
10249641
10249638
10249635
10249630
10249629
10249626
10249621
10249618
10249617
10249614
10249611
10249608
10249604
10249602
10249599
10249596
10249593
10249590
10249587
10249584
10249581
10249578
10249575
10249572
10249569
10249562
10249561
10249560
10249557
10249552
10249551
10249548
10249545
10249542
10249539
10249536
10249532
10249530
10249527
10249524
10249521
10249518
10249515
10249512
10249509
10249503
10249500
10249497
10249494
10249491
10249488
10249485
10249482
10249479
10249476
10249473
10249470
10249467
10249464
10249461
10249458
10249455
10249452
10249447
10249446
10249443
10249437
10249434
10249429
10249428
10249421
10249420
10249419
10249416
10249412
10249410
10249407
10249404
10249401
10249396
10249395
10249388
10249387
10249386
10249379
10249378
10249377
10249374
10249371
10249368
10249365
10249362
10249359
10249356
10249353
10249350
10249345
10249344
10249341
10249338
10249335
10249332
10249329
10249326
10249323
10249320
10249317
10249314
10249311
10249308
10249305
10249302
10249299
10249296
10249293
10249286
10249284
10249280
10249278
10249275
10249272
10249269
10249266
10249263
10249260
10249257
10249254
10249251
10249248
10249243
10249242
10249239
10249236
10249231
10249230
10249225
10249224
10249217
10249216
10249214
10249212
10249209
10249204
10249203
10249200
10249197
10249194
10249189
10249187
10249185
10249182
10249179
10249176
10249173
10249167
10249161
10249158
10249155
10249152
10249145
10249144
10249143
10249140
10249137
10249132
10249131
10249127
10249125
10249120
10249119
10249116
10249113
10249110
10249107
10249104
10249101
10249097
10249095
10249092
10249084
10249083
10249080
10249077
10249073
10249071
10249068
10249065
10249060
10249059
10249056
10249053
10249050
10249047
10249042
10249041
10249038
10249031
10249030
10249029
10249024
10249023
10249020
10249017
10249014
10249011
10249008
10249005
10249002
10248999
10248996
10248993
10248988
10248984
10248981
10248974
10248973
10248972
10248969
10248964
10248963
10248960
10248957
10248954
10248951
10248948
10248945
10248942
10248937
10248936
10248933
10248930
10248927
10248924
10248921
10248918
10248915
10248912
10248909
10248906
10248903
10248900
10248896
10248894
10248891
10248888
10248885
10248880
10248879
10248874
10248873
10248868
10248867
10248864
10248859
10248858
10248853
10248852
10248843
10248842
10248840
10248838
10248837
10248834
10248831
10248826
10248825
10248822
10248819
10248816
10248813
10248810
10248807
10248804
10248801
10248798
10248795
10248792
10248789
10248786
10248783
10248780
10248777
10248774
10248769
10248768
10248765
10248762
10248759
10248756
10248753
10248748
10248747
10248390
10247217
10245717
10245710
10234670
10234661
10234658
10234466
10234444
10234420
10234408
10234384
10234381
10234354
10234351
10229019
10229008
10228757
10228748
10228575
10228571
10228568
10228563
10228557
10228543
10228532
10228529
10228526
10228504
10228474
10228395
10228392
10228389
10228386
10228383
10228380
10228377
10227884
10227802
10227797
10222197
10222179
